kinematics:
  shoulder:
    x: 0
    y: 0
    z: 0.16262869125245866
    roll: -0
    pitch: 0
    yaw: 3.0994306612561195e-08
  upper_arm:
    x: 9.9599896643999045e-05
    y: 0
    z: 0
    roll: 1.570987432838868
    pitch: 0
    yaw: 1.3070449551795401e-06
  forearm:
    x: -0.42509734999138243
    y: 0
    z: 0
    roll: 0.0011606889444626849
    pitch: -0.00096091822315906702
    yaw: 9.546620503794944e-07
  wrist_1:
    x: -0.39226812222587865
    y: -0.00034036406489526783
    z: 0.13367744125008743
    roll: 0.0025461538326639948
    pitch: 0.0006111158265445526
    yaw: -3.228748889465081e-07
  wrist_2:
    x: -2.1111389724324653e-06
    y: -0.099684743003946003
    z: 5.9906439421401859e-05
    roll: 1.5701953679078655
    pitch: 0
    yaw: -1.0235553767438954e-06
  wrist_3:
    x: 1.4215086692413179e-05
    y: 0.099578129540108792
    z: 4.0241618889219288e-05
    roll: 1.5712004478291477
    pitch: 3.1415926535897931
    yaw: -3.1415925771194475
  hash: calib_14772130028204177453